111000001
110001001
111000011
010001010
111000100
010001011
111000000
110001100
111000000
110001101
111000000
110000001
110101010
111000100
101000110
110101010
111010001
101000000
110101010
111000001
110000001
110111011
111000100
101000111
110111011
111001000
101000000
110111011
111000001
000010000
110011101
111000000
000100000
110101001
110011001
000010101
110011001
111000000
110001000
111001110
110011000
100100100
110011000
111000000
110010000
111111110
101000110
110011010
111000001
100100100
110011010
111011111
110110000
111000000
101111000
110011011
110101001
100111001
110011011
110101001
111000000
110010000
111000011
101001101
111010100
101000000
110011001
110101011
001010110
110011001
110101011
110011101
111000001
000100100
100111001
000010100
110011101
111000000
110000001
111000101
101000111
110011100
111000001
000010100
110011100
110011101
000100101
100111001
000010101
110011101
111000000
110000001
111000101
101000111
110011100
111000001
000010100
110011100
110011001
000010101
110011001
110011000
111000001
000010100
110011000
111010001
010000001
101010101
110011100
110101101
111010010
011000001
111010011
011000010
