111000000
010001010
111000001
010001011
111000010
010001100
110011010
111000001
100100100
110011010
111000000
110000011
111001011
101001011
110101011
110111100
100011011
110101011
110111100
111000001
110000010
111000111
010000011
101110110
110101011
110111100
100011011
110101011
111000000
110000010
111000101
101000110
110011010
111000001
001010100
110011010
110101011
001101011
110101011
110111100
110101110
111000001
000111000
100011110
110111110
111000000
110100000
111000101
101000110
110011101
111000001
000010100
110011101
111001000
010000001
101010000
110011010
000010101
110011010
110101011
000111010
100011110
110111011
111000000
110100000
111000101
101000110
110011010
111000001
000010100
110011010
111000000
110001001
111000111
110011001
100100100
110011001
111000000
110000001
111001001
010000011
101110110
110011010
111000001
100100100
110011010
111000000
110000011
111001010
101001011
110101011
110111100
100011011
110101011
110111100
111000001
110000010
111010101
101000110
110101011
110111100
100011011
110101011
111000000
110000010
111000101
101000110
110011010
111000001
001010100
110011010
110101011
001101011
110101011
110111100
110011000
111000001
000010100
110011000
110011000
000010101
110011000
110011010
000010101
110011010
110101011
000111010
100011110
110111011
111000000
110100000
111000101
101000110
110011010
111000001
000010100
110011010
110011001
111000001
000010100
110011001
111001010
010000001
101010000
111000100
011001101
111000101
011001110
111000110
011001000
111000100
010000001
111000101
010000010
111000110
010000011
